51 52 1 1 
42 502 1 1 
32 11 1 0 
21 52 1 0 
52 13 1 0 
13 52 1 0 
51 502 1 0 
51 103 1 0 
42 103 1 0 
41 502 1 0 
-1 -1 -1 -1 
-1 -1 -1 -1 
-1 -1 -1 -1 
-1 -1 -1 -1 
-1 -1 -1 -1 
-1 -1 -1 -1 
-1 -1 -1 -1 
-1 -1 -1 -1 
-1 -1 -1 -1 
-1 -1 -1 -1 
-1 -1 -1 -1 
-1 -1 -1 -1 
-1 -1 -1 -1 
-1 -1 -1 -1 
-1 -1 -1 -1 
-1 -1 -1 -1 
-1 -1 -1 -1 
-1 -1 -1 -1 
-1 -1 -1 -1 
-1 -1 -1 -1 
-1 -1 -1 -1 
-1 -1 -1 -1 
-1 -1 -1 -1 
-1 -1 -1 -1 
-1 -1 -1 -1 
-1 -1 -1 -1 
-1 -1 -1 -1 
-1 -1 -1 -1 
-1 -1 -1 -1 
-1 -1 -1 -1 
-1 -1 -1 -1 
-1 -1 -1 -1 
-1 -1 -1 -1 
-1 -1 -1 -1 
-1 -1 -1 -1 
-1 -1 -1 -1 
-1 -1 -1 -1 
-1 -1 -1 -1 
-1 -1 -1 -1 
-1 -1 -1 -1 
-1 -1 -1 -1 
-1 -1 -1 -1 
-1 -1 -1 -1 
-1 -1 -1 -1 
-1 -1 -1 -1 
-1 -1 -1 -1 
-1 -1 -1 -1 
-1 -1 -1 -1 
-1 -1 -1 -1 
-1 -1 -1 -1 
-1 -1 -1 -1 
-1 -1 -1 -1 
-1 -1 -1 -1 
-1 -1 -1 -1 
-1 -1 -1 -1 
-1 -1 -1 -1 
-1 -1 -1 -1 
-1 -1 -1 -1 
-1 -1 -1 -1 
-1 -1 -1 -1 
-1 -1 -1 -1 
-1 -1 -1 -1 
-1 -1 -1 -1 
-1 -1 -1 -1 
-1 -1 -1 -1 
-1 -1 -1 -1 
-1 -1 -1 -1 
-1 -1 -1 -1 
-1 -1 -1 -1 
-1 -1 -1 -1 
-1 -1 -1 -1 
-1 -1 -1 -1 
-1 -1 -1 -1 
-1 -1 -1 -1 
-1 -1 -1 -1 
-1 -1 -1 -1 
-1 -1 -1 -1 
-1 -1 -1 -1 
-1 -1 -1 -1 
-1 -1 -1 -1 
-1 -1 -1 -1 
-1 -1 -1 -1 
-1 -1 -1 -1 
-1 -1 -1 -1 
-1 -1 -1 -1 
-1 -1 -1 -1 
-1 -1 -1 -1 
-1 -1 -1 -1 
-1 -1 -1 -1 
-1 -1 -1 -1 
-1 -1 -1 -1 
-1 -1 -1 -1 
-1 -1 -1 -1 
-1 -1 -1 -1 
-1 -1 -1 -1 
-1 -1 -1 -1 
-1 -1 -1 -1 
-1 -1 -1 -1 
-1 -1 -1 -1 
-1 -1 -1 -1 
-1 -1 -1 -1 
-1 -1 -1 -1 
-1 -1 -1 -1 
-1 -1 -1 -1 
-1 -1 -1 -1 
-1 -1 -1 -1 
-1 -1 -1 -1 
-1 -1 -1 -1 
-1 -1 -1 -1 
-1 -1 -1 -1 
-1 -1 -1 -1 
-1 -1 -1 -1 
-1 -1 -1 -1 
-1 -1 -1 -1 
-1 -1 -1 -1 
-1 -1 -1 -1 
-1 -1 -1 -1 
-1 -1 -1 -1 
-1 -1 -1 -1 
-1 -1 -1 -1 
-1 -1 -1 -1 
-1 -1 -1 -1 
-1 -1 -1 -1 
-1 -1 -1 -1 
-1 -1 -1 -1 
-1 -1 -1 -1 
-1 -1 -1 -1 
-1 -1 -1 -1 
-1 -1 -1 -1 
-1 -1 -1 -1 
-1 -1 -1 -1 
-1 -1 -1 -1 
-1 -1 -1 -1 
-1 -1 -1 -1 
-1 -1 -1 -1 
-1 -1 -1 -1 
-1 -1 -1 -1 
-1 -1 -1 -1 
-1 -1 -1 -1 
-1 -1 -1 -1 
-1 -1 -1 -1 
-1 -1 -1 -1 
-1 -1 -1 -1 
-1 -1 -1 -1 
-1 -1 -1 -1 
-1 -1 -1 -1 
-1 -1 -1 -1 
-1 -1 -1 -1 
-1 -1 -1 -1 
-1 -1 -1 -1 
-1 -1 -1 -1 
-1 -1 -1 -1 
-1 -1 -1 -1 
-1 -1 -1 -1 
-1 -1 -1 -1 
-1 -1 -1 -1 
-1 -1 -1 -1 
-1 -1 -1 -1 
-1 -1 -1 -1 
-1 -1 -1 -1 
-1 -1 -1 -1 
-1 -1 -1 -1 
-1 -1 -1 -1 
-1 -1 -1 -1 
-1 -1 -1 -1 
-1 -1 -1 -1 
-1 -1 -1 -1 
-1 -1 -1 -1 
-1 -1 -1 -1 
-1 -1 -1 -1 
-1 -1 -1 -1 
-1 -1 -1 -1 
-1 -1 -1 -1 
-1 -1 -1 -1 
-1 -1 -1 -1 
-1 -1 -1 -1 
-1 -1 -1 -1 
-1 -1 -1 -1 
-1 -1 -1 -1 
-1 -1 -1 -1 
-1 -1 -1 -1 
-1 -1 -1 -1 
-1 -1 -1 -1 
-1 -1 -1 -1 
-1 -1 -1 -1 
-1 -1 -1 -1 
-1 -1 -1 -1 
-1 -1 -1 -1 
-1 -1 -1 -1 
-1 -1 -1 -1 
-1 -1 -1 -1 
-1 -1 -1 -1 
-1 -1 -1 -1 
-1 -1 -1 -1 
-1 -1 -1 -1 
-1 -1 -1 -1 
-1 -1 -1 -1 
-1 -1 -1 -1 
-1 -1 -1 -1 
-1 -1 -1 -1 
-1 -1 -1 -1 
-1 -1 -1 -1 
-1 -1 -1 -1 
-1 -1 -1 -1 
-1 -1 -1 -1 
-1 -1 -1 -1 
-1 -1 -1 -1 
-1 -1 -1 -1 
-1 -1 -1 -1 
-1 -1 -1 -1 
-1 -1 -1 -1 
-1 -1 -1 -1 
-1 -1 -1 -1 
-1 -1 -1 -1 
-1 -1 -1 -1 
-1 -1 -1 -1 
-1 -1 -1 -1 
-1 -1 -1 -1 
-1 -1 -1 -1 
-1 -1 -1 -1 
-1 -1 -1 -1 
-1 -1 -1 -1 
-1 -1 -1 -1 
-1 -1 -1 -1 
-1 -1 -1 -1 
-1 -1 -1 -1 
-1 -1 -1 -1 
-1 -1 -1 -1 
-1 -1 -1 -1 
-1 -1 -1 -1 
-1 -1 -1 -1 
-1 -1 -1 -1 
-1 -1 -1 -1 
-1 -1 -1 -1 
-1 -1 -1 -1 
-1 -1 -1 -1 
-1 -1 -1 -1 
-1 -1 -1 -1 
-1 -1 -1 -1 
-1 -1 -1 -1 
-1 -1 -1 -1 
-1 -1 -1 -1 
-1 -1 -1 -1 
-1 -1 -1 -1 
-1 -1 -1 -1 
-1 -1 -1 -1 
-1 -1 -1 -1 
-1 -1 -1 -1 
-1 -1 -1 -1 
-1 -1 -1 -1 
-1 -1 -1 -1 
-1 -1 -1 -1 
-1 -1 -1 -1 
-1 -1 -1 -1 
-1 -1 -1 -1 
-1 -1 -1 -1 
-1 -1 -1 -1 
-1 -1 -1 -1 
-1 -1 -1 -1 
-1 -1 -1 -1 
-1 -1 -1 -1 
-1 -1 -1 -1 
-1 -1 -1 -1 
-1 -1 -1 -1 
-1 -1 -1 -1 
-1 -1 -1 -1 
-1 -1 -1 -1 
-1 -1 -1 -1 
-1 -1 -1 -1 
-1 -1 -1 -1 
-1 -1 -1 -1 
-1 -1 -1 -1 
-1 -1 -1 -1 
-1 -1 -1 -1 
-1 -1 -1 -1 
-1 -1 -1 -1 
-1 -1 -1 -1 
-1 -1 -1 -1 
-1 -1 -1 -1 
-1 -1 -1 -1 
-1 -1 -1 -1 
-1 -1 -1 -1 
-1 -1 -1 -1 
-1 -1 -1 -1 
-1 -1 -1 -1 
-1 -1 -1 -1 
-1 -1 -1 -1 
-1 -1 -1 -1 
-1 -1 -1 -1 
-1 -1 -1 -1 
-1 -1 -1 -1 
-1 -1 -1 -1 
-1 -1 -1 -1 
-1 -1 -1 -1 
-1 -1 -1 -1 
-1 -1 -1 -1 
-1 -1 -1 -1 
-1 -1 -1 -1 
-1 -1 -1 -1 
-1 -1 -1 -1 
-1 -1 -1 -1 
-1 -1 -1 -1 
-1 -1 -1 -1 
-1 -1 -1 -1 
-1 -1 -1 -1 
-1 -1 -1 -1 
-1 -1 -1 -1 
-1 -1 -1 -1 
-1 -1 -1 -1 
-1 -1 -1 -1 
-1 -1 -1 -1 
-1 -1 -1 -1 
-1 -1 -1 -1 
-1 -1 -1 -1 
